==========================================================================
PRIME p = 67   points with u != 0 : 296274   rigorous rung limit 60
==========================================================================
stage 1: rungs 0..60 over all 296274 points in 49.9 s

  SURVIVAL HISTOGRAM (condition k is E0[n]=0 with p3[22..n]:=0)
   rung n   #{this condition alone}   #{all of 22..n}   expected ~ (p-1)p^2/p^(n-21)
     22            4485                    4485               4422.00
     23            4408                      71                 66.00
     24            4380                       1                  0.99
     25            4409                       0                  0.01
     26            4484                       0                  0.00
     27            4481                       0                  0.00
     28            4536                       0                  0.00
     29            4426                       0                  0.00
     30            4354                       0                  0.00
     31            4474                       0                  0.00
     32            4434                       0                  0.00
     33            4368                       0                  0.00
     34            4457                       0                  0.00
     35            4531                       0                  0.00
     36            4384                       0                  0.00
     37            4422                       0                  0.00
     38            4394                       0                  0.00
     39            4379                       0                  0.00
     40            4433                       0                  0.00
     41            4366                       0                  0.00
     42            4418                       0                  0.00
     43            4356                       0                  0.00
     44            4439                       0                  0.00
     45            4449                       0                  0.00
     46            4355                       0                  0.00
     47            4382                       0                  0.00
     48            4422                       0                  0.00
     49            4330                       0                  0.00
     50            4441                       0                  0.00
     51            4516                       0                  0.00
     52            4512                       0                  0.00
     53            4365                       0                  0.00
     54            4456                       0                  0.00
     55            4377                       0                  0.00
     56            4503                       0                  0.00
     57            4495                       0                  0.00
     58            4393                       0                  0.00
     59            4560                       0                  0.00
     60            4502                       0                  0.00
  p2 cap conditions reached in stage 1: [43, 44, 45, 46, 47, 48, 49, 50, 51, 52, 53, 54, 55, 56, 57, 58, 59, 60, 61]

  survivors of ALL rungs 22..60 : 0

==========================================================================
CROSS-PRIME SUMMARY
==========================================================================
p=67: 296274 points, rigorous to rung 60, survivors of 22..60 = 0
wrote lane6_sweep_result.json
